demerits:
583386313466708035
12501
173202312762884096
0
418745512829648896
0
565628107994955776
0
183325800127266817
45000
770087317552496662
0
913158140193804370
60000
736767271615332353
20000
332587704598659072
20000
555888952276418571
30000
298484765605232641
0
794683031309910017
30000
512956217128386560
12500
673975195563720705
0
519997537680359425
0
927877964065021993
30000
775207011755229224
15000
303541633872560128
0
644686160555409409
20000
287455629759479809
0
542671715768205323
15000
747209651539673088
0
771595637238136842
12500
745782337194819685
20000
442376719840575488
0
865757699445489695
0
581828543374163969
30000
807896922907476008
0
733747843910598808
0
926013726107242546
0
488838759748599819
10000
465331911770767370
2500
447941453516111873
0
933393459614744656
0
387056202208641025
0
920164717371199558
0
755797930614718584
0
703353972718567474
0
510433291967397890
0
595256009514156038
7500
631578915571367944
45000
810581361084989511
35000
592137351363428363
0
583743861986164753
10002
867211571913424906
0
542760184163074060
0
920814239948611595
0
772526728844148777
0
711103440226353183
0
612686416719118386
0
697271555373269013
0
663940110869331970
37501
556335327174852638
7500
402967447277404160
0
668323156544454656
0
922130881395712091
20000
135513904984883200
10000
856226034970001408
0
719620138684514394
0
646711644356870159
0
803041453382959124
0
692021384146059334
0
694388662078799914
0
752593736583610459
0
649634451541983234
30000
789186959591079957
0
426804963939975190
0
463680474208796674
0
701504713555705989
0
602243568291020810
0
440092481644920833
0
823987217826447390
0
646831029507588136
0
830907098049019924
0
912218909682311178
30000
351470440499249152
0
834943967405146216
65000
881780445841326100
0
822124297661186109
0
920363392529727528
0
391974737745805322
0
771780431779594273
20000
887515742579347536
0
896406309832912906
20000
296299869893689345
20000
689195043780689963
0
882030918825545780
30000
644070961544691734
0
277636635393392641
0
829102566624985168
0
427186210629353490
0
349659861539225601
12500
674286922985635841
0
423522454976200705
0
622845928428273691
20000
771446250544562227
0
560314346828464139
12500
460815121518690305
0
934426435253305344
0
234727693713801217
14500
352545568834191360
20000
784094443962892328
0
663233113643548674
12500
920363216675172424
0
734010505026469888
0
186144649486925824
0
239805680180133888
0
403347341626572813
0
858208015760621568
0
119621506161442817
20000
202782564547690496
0
455055521511112714
0
904188176711696436
7500
711530814164172810
0
428869076228505600
0
313578604850184192
0
720441485509656666
0
937661817713475655
0
407539424315047936
0
921160142962192394
0
920900764887556146
0
675436717335117834
15000
243183032830263297
0
521141322019635209
0
695232443774402610
0
499554892382470165
10000
545148486660915202
0
692087766732898305
0
878817000888078376
20000
742758792101363787
0
590278114232500266
0
393609241920798722
0
690011602510282771
0
888425304178171974
0
389253795739336705
20000
942982337627557928
0
693938062526251089
0
284114132733526017
0
140199280924164096
0
438532180222935040
0
166076176966746113
0
869580506147217468
0
678292733647126531
0
320646568397111297
0
749784796636512377
0
516799319261708304
0
814857093672468521
0
861874813088563210
12500
508305031418609665
0
375628971330502667
85000
223567414334324736
0
809949415141933107
0
797970534096699405
0
354605124942954499
0
200415599799566336
0
820743536453877780
0
893562444008534016
0
777078316175196170
0
647240663796023297
65000
665613166465646623
0
677338960258793472
0
730616259925901342
0
786800198210027520
0
353427646291640322
0
875121159857905725
0
757647688958476360
0
704346495414960188
0
742140490178101289
0
764196304154656838
0
720733396183154708
0
717727318017310792
0
418670594884894720
0
416726330894188544
0
218084659592953857
0
267084378406912001
0
859924606001086516
0
583440475986329631
20000
601883822883078204
20000
530540159918276639
0
778287194350551120
0
781355537853710336
0
335723651313958915
0
872145400600072233
0
825801431520116818
0
798165304164220990
0
497887989385527297
0
362266188518129664
0
204562093830176768
0
583687938072641559
0
833410300152643595
0
571250267547238421
0
557856920044830721
0
551188817797840906
0
898593040376143893
0
757767180279349348
0
787729170108776469
0
438395053447053323
0
334808152421826560
10000
597796764023783436
0
949831537485025290
0
661990236921921558
0
678390708284948508
0
865281506628730881
0
803268998467682324
0
637106931726811147
0
558864188001353778
0
551814653613703195
0
935209385418973245
0
950549063345012746
0
719980562064080957
0
874487352041558036
7500
363152527555952641
60000
697871425515814984
0
739353107963576432
0
780474625288699944
0
954236360888315954
0
954842275068915793
0
615165923242016769
0
386870046858936323
0
659079842775695365
0
893201818044219522
0
253515452033007616
0
335931476795326464
0
807716857427263488
0
955762611994124289
0
527470185012002817
10000
327196233007497216
0
754859780098621451
0
186740903312883712
0
533747011124723712
0
784537823373688832
0
759565761156349963
0
591372880047243265
0
443806475865817088
15000
819647342000078908
0
775698344739602454
30000
824484117344288768
0
879695788031234118
0
881564552716775434
0
660498860753551381
0
698019306503536661
0
956335763891576942
0
955607360120958996
0
936755576992595989
0
331492209067032579
0
771206407587758111
0
539213734825164804
0
659219541620031490
25000
271453381682397185
0
741036141196738700
0
590329976847597589
0
769423521041743892
0
549302888988540929
0
278170059992465409
0
264563175465156617
0
706780016511549675
0
436115807748096010
22500
659349005184270347
0
689796654521778215
0
397405076752302081
30000
757678114728837252
0
811811811250143313
0
856533484490326076
0
211869316205903873
15000
300296075107893248
0
486085229203816448
0
314793901229604865
0
308668014776025110
65000
223620596683112448
0
793277902858879036
0
498602097424465932
0
938484614731808818
0
483674585976274965
0
315543808446169088
0
876030099399528458
0
345177971780222977
0
761379150363361290
10000
756629750167896075
0
421569274201636864
0
926979049421692968
0
748374012064694393
0
379694153812148224
0
565298508211421204
0
619012775678574592
0
789169900098027562
0
643672045573373972
0
340218209502363648
0
435449980937961473
7500
338799278824620032
0
965308599163306015
0
217277420166840320
0
948727119243010079
0
902004049677803550
0
688455630947745792
0
587377525450342416
0
678535730296782887
0
933600542830256231
0
199640647198703621
0
876247091809255434
0
247384895087706112
0
843557557658320907
0
331858490907820033
0
769039306148544562
0
556264939845582848
0
705414097889395040
0
854090667423432705
0
956517738589880332
0
902507813731958794
0
825897949904371712
0
326781591365877761
0
680337760791691265
0
729847109712347176
0
189742312883093504
0
679757553613275174
0
611572656306651146
0
911465647047868427
0
462632089439961088
0
504325973383315467
0
447606903233576961
0
553963104942161937
0
884593901866983444
0
645411762375622737
0
304649897783590912
0
454751123547619330
30000
577636666630733824
0
485611526741295105
0
774340420490493973
0
902707055507431507
0
605673166878015499
0
491938030207369226
0
365633600433160192
7500
558838864303751188
0
592088504234672129
0
721877783768203334
0
934632513282916372
30000
431162791659962388
0
522896456500117504
0
828045627861499944
0
314760049069391882
0
699628186333610004
0
569247638697017345
0
781236185560252426
0
945698535427432478
0
