merits:
583386313466708035
1
173202312762884096
0
418745512829648896
0
565628107994955776
0
183325800127266817
0
770087317552496662
0
913158140193804370
0
736767271615332353
0
332587704598659072
0
555888952276418571
0
298484765605232641
0
794683031309910017
0
512956217128386560
0
673975195563720705
0
519997537680359425
0
927877964065021993
0
775207011755229224
0
303541633872560128
0
644686160555409409
0
287455629759479809
0
542671715768205323
0
747209651539673088
0
771595637238136842
0
745782337194819685
0
442376719840575488
0
865757699445489695
0
581828543374163969
0
807896922907476008
0
733747843910598808
0
926013726107242546
0
488838759748599819
0
465331911770767370
0
447941453516111873
0
933393459614744656
0
387056202208641025
0
920164717371199558
0
755797930614718584
0
703353972718567474
0
510433291967397890
0
595256009514156038
0
631578915571367944
0
810581361084989511
0
592137351363428363
0
583743861986164753
2503
867211571913424906
0
542760184163074060
0
920814239948611595
0
772526728844148777
0
711103440226353183
0
612686416719118386
0
697271555373269013
0
663940110869331970
0
556335327174852638
0
402967447277404160
0
668323156544454656
0
922130881395712091
0
135513904984883200
0
856226034970001408
5000
719620138684514394
0
646711644356870159
0
803041453382959124
0
692021384146059334
0
694388662078799914
0
752593736583610459
0
649634451541983234
0
789186959591079957
1
426804963939975190
0
463680474208796674
0
701504713555705989
0
602243568291020810
0
440092481644920833
0
823987217826447390
0
646831029507588136
0
830907098049019924
0
912218909682311178
1000
351470440499249152
0
834943967405146216
0
881780445841326100
0
822124297661186109
0
920363392529727528
0
391974737745805322
0
771780431779594273
0
887515742579347536
0
896406309832912906
0
296299869893689345
0
689195043780689963
0
882030918825545780
0
644070961544691734
0
277636635393392641
0
829102566624985168
0
427186210629353490
0
349659861539225601
0
674286922985635841
0
423522454976200705
0
622845928428273691
0
771446250544562227
0
560314346828464139
0
460815121518690305
0
934426435253305344
0
234727693713801217
0
352545568834191360
0
784094443962892328
0
663233113643548674
0
920363216675172424
0
734010505026469888
0
186144649486925824
0
239805680180133888
0
403347341626572813
0
858208015760621568
0
119621506161442817
0
202782564547690496
0
455055521511112714
0
904188176711696436
0
711530814164172810
0
428869076228505600
0
313578604850184192
0
720441485509656666
0
937661817713475655
0
407539424315047936
0
921160142962192394
0
920900764887556146
0
675436717335117834
0
243183032830263297
0
521141322019635209
0
695232443774402610
0
499554892382470165
0
545148486660915202
0
692087766732898305
0
878817000888078376
0
742758792101363787
0
590278114232500266
0
393609241920798722
0
690011602510282771
0
888425304178171974
0
389253795739336705
0
942982337627557928
0
693938062526251089
0
284114132733526017
0
140199280924164096
0
438532180222935040
0
166076176966746113
0
869580506147217468
0
678292733647126531
0
320646568397111297
0
749784796636512377
0
516799319261708304
0
814857093672468521
0
861874813088563210
0
508305031418609665
0
375628971330502667
0
223567414334324736
0
809949415141933107
0
797970534096699405
0
354605124942954499
0
200415599799566336
0
820743536453877780
0
893562444008534016
0
777078316175196170
0
647240663796023297
0
665613166465646623
0
677338960258793472
0
