registry:
583386313466708035
173202312762884096
418745512829648896
0
565628107994955776
0
183325800127266817
0
770087317552496662
0
913158140193804370
0
736767271615332353
0
332587704598659072
0
555888952276418571
0
298484765605232641
0
794683031309910017
0
512956217128386560
0
673975195563720705
0
519997537680359425
0
927877964065021993
0
775207011755229224
0
303541633872560128
0
644686160555409409
0
287455629759479809
0
542671715768205323
0
747209651539673088
0
771595637238136842
0
745782337194819685
0
442376719840575488
0
865757699445489695
0
581828543374163969
0
807896922907476008
0
733747843910598808
0
926013726107242546
0
488838759748599819
0
465331911770767370
0
447941453516111873
0
933393459614744656
0
387056202208641025
0
920164717371199558
0
755797930614718584
0
